 -0.839053  -0.671316 -0.0081502   -0.35845 0.00540075 -0.0103149
  -0.787817   -0.670193 -0.00826292   -0.427182  0.00681146  -0.0617415
  -0.777665   -0.669697 -0.00821799   -0.441303  0.00704918  -0.0716027
  -0.757522   -0.668406 -0.00803879   -0.469868  0.00749835  -0.0910027
  -0.747546   -0.667603 -0.00789811   -0.484307   0.0077128   -0.100558
  -0.718086   -0.664503 -0.00722772    -0.52822  0.00833018   -0.128719
  -0.689482   -0.660252 -0.00609281   -0.573009  0.00892977   -0.156211
  -0.653061   -0.652472 -0.00360104   -0.634072  0.00974372   -0.191933
 -0.627369  -0.644746 -0.0007482  -0.680861  0.0103966  -0.218045
 -0.595897   -0.63134 0.00485567  -0.744497  0.0113759  -0.251883
 -0.588625  -0.627339 0.00665834  -0.760607   0.011648  -0.260145
 -0.581625  -0.623047 0.00865024  -0.776785  0.0119338  -0.268318
-0.574919 -0.618443 0.0108476 -0.793023 0.0122346 -0.276396
-0.568526 -0.613508 0.0132677 -0.809309 0.0125521 -0.284369
-0.551473   -0.5965 0.0220552 -0.858313 0.0136219 -0.307561
-0.538177 -0.575684 0.0335743  -0.90706 0.0149063 -0.329376
-0.534723 -0.567781 0.0381244 -0.923101  0.015391 -0.336258
-0.531813 -0.559354 0.0430663 -0.938963  0.015907 -0.342908
 -0.52948 -0.550379   0.04842  -0.95459  0.016456   -0.3493
-0.527542 -0.496749  0.081817  -1.02666 0.0197261 -0.376314
-0.529255 -0.484252 0.0898297  -1.03925 0.0204834 -0.380499
-0.548251 -0.414307  0.135225  -1.08811 0.0246443 -0.393809
-0.581223 -0.337248  0.184674  -1.10853 0.0289684 -0.393859
-0.596892 -0.306189  0.204031  -1.10864 0.0306021 -0.390536
-0.605064 -0.290811  0.213445  -1.10712 0.0313834 -0.388258
-0.639167 -0.231074  0.248739  -1.09176 0.0342255 -0.375649
-0.683209 -0.161802  0.286588   -1.0556 0.0370817 -0.353696
 -0.727276 -0.0994606   0.317193   -1.00572  0.0391809  -0.326824
 -0.744724 -0.0765159   0.327508  -0.982854  0.0398264  -0.315023
 -0.753394 -0.0654689   0.332276  -0.970901  0.0401107  -0.308931
 -0.796095 -0.0144504   0.352484  -0.906716  0.0411797  -0.276785
  -0.804487 -0.00508477    0.355847   -0.893107   0.0413285   -0.270053
-0.829316   0.02134  0.364695 -0.850969 0.0416579 -0.249313
-0.837466 0.0295888  0.367252 -0.836519  0.041731 -0.242227
-0.854283 0.0399503  0.369185 -0.838537 0.0418503 -0.240809
-0.871261 0.0501459  0.370995 -0.838886 0.0419508 -0.238709
-0.955242 0.0975415  0.378201   -0.8223 0.0422112 -0.221163
 -1.01936  0.131117  0.382096  -0.79462 0.0421941 -0.201917
 -1.06529  0.154139  0.384223 -0.768393  0.042084 -0.185604
 -1.06045  0.143749  0.380504 -0.782879 0.0419955 -0.192306
 -1.04343  0.100387  0.363417 -0.839964 0.0414518  -0.21831
 -1.02743 0.0435396  0.337438 -0.909803 0.0403578 -0.249203
